in epoch1851 
best_mse:0.20471169 
best_pearson:0.8588151767113265 
best_rm2:0.7133301119053358 
best_cindex:0.8861565048642001 
best_cindex2:0.8914773349158517 
best_spearman:0.6895737887096556 
best_rmse0.45245076035418713